{
 "cells": [
  {
   "cell_type": "markdown",
   "metadata": {},
   "source": [
    "# 计算字母相似度\n",
    "\n",
    "## 介绍\n",
    "\n",
    "这个文件中我们进行了三个方面的工作\n",
    "\n",
    "1. 利用开源的字典计算两个字母的相关程度\n",
    "\n",
    "计算方法为：在字典数据集中，统计两两字母相邻的组合出现次数，然后计算当个字母分别在前面所得组合的出现次数，用两个字母的出现次数向量进行余弦相似度计算。\n",
    "\n",
    "2. 定义了一种计算一个单词的正常性的方法\n",
    "\n",
    "- 通过计算一个单词的字母的相似度，得到一个相似度矩阵\n",
    "- 将给定单词的字母与下一个字母的相似度依次相加，（由于我们的单词是定长的，所以一共是四个相似度相加即可）\n",
    "- 如此得到一个相似度之和，我们可以知道，一定程度上，一共单词前后两个字母的相似度越高，那么这个单词的正常性越高。\n",
    "\n",
    "3. 对原数据进行处理（参考了这个数据https://bert.org/assets/posts/wordle/words.json）\n",
    "\n",
    "- 去除异常值（改掉了四个单词，可以说是参考了网上的那天给的具体的正确单词值）\n",
    "- 对于每个单词，计算其正常性，并将其加入到原数据中（为后续神经网络做准备）"
   ]
  },
  {
   "cell_type": "markdown",
   "metadata": {},
   "source": [
    "## 利用开源的字典计算两个字母的相关程度"
   ]
  },
  {
   "cell_type": "code",
   "execution_count": 1,
   "metadata": {},
   "outputs": [],
   "source": [
    "# 导入numpy库\n",
    "import numpy as np"
   ]
  },
  {
   "cell_type": "code",
   "execution_count": 2,
   "metadata": {},
   "outputs": [],
   "source": [
    "# 打开英文字典文件\n",
    "with open(\"words_clean.txt\", \"r\") as words:\n",
    "    # 创建一个空字典来存储每个字母出现的次数\n",
    "    letter_count = {}\n",
    "    # 创建一个空字典来存储每对相邻字母出现的次数\n",
    "    pair_count = {}\n",
    "\n",
    "    # 遍历每个单词\n",
    "    for word in words:\n",
    "        # 去掉单词末尾的换行符\n",
    "        word = word.strip()\n",
    "        # 遍历单词中的每个字母\n",
    "        for i in range(len(word)):\n",
    "            # 获取当前字母\n",
    "            letter = word[i]\n",
    "            # 如果字母不在letter_count中，就把它加入，并初始化为0\n",
    "            if letter not in letter_count:\n",
    "                letter_count[letter] = 0\n",
    "            # 把当前字母出现的次数加1\n",
    "            letter_count[letter] += 1\n",
    "\n",
    "            # 如果不是最后一个字母，就获取下一个字母，并组成一对相邻字母\n",
    "            if i < len(word) - 1:\n",
    "                next_letter = word[i+1]\n",
    "                pair = letter + next_letter\n",
    "                # 如果相邻字母不在pair_count中，就把它加入，并初始化为0\n",
    "                if pair not in pair_count:\n",
    "                    pair_count[pair] = 0\n",
    "                # 把当前相邻字母出现的次数加1\n",
    "                pair_count[pair] += 1"
   ]
  },
  {
   "cell_type": "code",
   "execution_count": 3,
   "metadata": {},
   "outputs": [
    {
     "name": "stdout",
     "output_type": "stream",
     "text": [
      "letter_count:\n",
      " [('a', 330309), ('l', 216916), ('s', 273315), ('b', 71757), ('e', 412371), ('r', 269353), ('g', 90238), ('c', 164370), ('h', 103087), ('n', 275977)]\n",
      "pair_count:\n",
      " [('aa', 463), ('al', 43636), ('as', 18572), ('ab', 14013), ('be', 10451), ('er', 72275), ('rg', 4129), ('ac', 19190), ('ch', 22188), ('he', 20824)]\n"
     ]
    }
   ],
   "source": [
    "# 显示letter_count中的前10个item\n",
    "print(\"letter_count:\\n\", list(letter_count.items())[:10])\n",
    "# 显示pair_count中的前10个item\n",
    "print(\"pair_count:\\n\", list(pair_count.items())[:10])"
   ]
  },
  {
   "cell_type": "code",
   "execution_count": 4,
   "metadata": {},
   "outputs": [],
   "source": [
    "# 创建一个空列表来存储所有可能的26个英文字母组合（共有26*26=676种）\n",
    "letter_combinations = []\n",
    "# 遍历所有可能的第一个字母（从a到z）\n",
    "for first_letter in \"abcdefghijklmnopqrstuvwxyz\":\n",
    "    # 遍历所有可能的第二个字母（从a到z）\n",
    "    for second_letter in \"abcdefghijklmnopqrstuvwxyz\":\n",
    "        # 组合两个字母，并添加到列表中\n",
    "        combination = first_letter + second_letter\n",
    "        letter_combinations.append(combination)"
   ]
  },
  {
   "cell_type": "code",
   "execution_count": 5,
   "metadata": {},
   "outputs": [
    {
     "name": "stdout",
     "output_type": "stream",
     "text": [
      "letter_combinations:\n",
      " ['aa', 'ab', 'ac', 'ad', 'ae', 'af', 'ag', 'ah', 'ai', 'aj']\n",
      "['ba', 'bb', 'bc', 'bd', 'be', 'bf', 'bg', 'bh', 'bi', 'bj']\n",
      "['ca', 'cb', 'cc', 'cd', 'ce', 'cf', 'cg', 'ch', 'ci', 'cj']\n",
      "['da', 'db', 'dc', 'dd', 'de', 'df', 'dg', 'dh', 'di', 'dj']\n",
      "['ea', 'eb', 'ec', 'ed', 'ee', 'ef', 'eg', 'eh', 'ei', 'ej']\n",
      "['fa', 'fb', 'fc', 'fd', 'fe', 'ff', 'fg', 'fh', 'fi', 'fj']\n",
      "['ga', 'gb', 'gc', 'gd', 'ge', 'gf', 'gg', 'gh', 'gi', 'gj']\n",
      "['ha', 'hb', 'hc', 'hd', 'he', 'hf', 'hg', 'hh', 'hi', 'hj']\n",
      "['ia', 'ib', 'ic', 'id', 'ie', 'if', 'ig', 'ih', 'ii', 'ij']\n",
      "['ja', 'jb', 'jc', 'jd', 'je', 'jf', 'jg', 'jh', 'ji', 'jj']\n"
     ]
    }
   ],
   "source": [
    "# 显示letter_combinations中的前10个item\n",
    "print(\"letter_combinations:\\n\", letter_combinations[:10])\n",
    "print(letter_combinations[26:36])\n",
    "print(letter_combinations[52:62])\n",
    "print(letter_combinations[78:88])\n",
    "print(letter_combinations[104:114])\n",
    "print(letter_combinations[130:140])\n",
    "print(letter_combinations[156:166])\n",
    "print(letter_combinations[182:192])\n",
    "print(letter_combinations[208:218])\n",
    "print(letter_combinations[234:244])"
   ]
  },
  {
   "cell_type": "code",
   "execution_count": 6,
   "metadata": {},
   "outputs": [],
   "source": [
    "# 创建一个空列表来存储每对相邻字母出现的次数向量（共有676个元素: 26*26=676）\n",
    "pair_vectors = []\n",
    "# 遍历所有可能的相邻字母组合（从aa到zz）\n",
    "for combination in letter_combinations:\n",
    "    # 如果相邻字母在pair_count中，就获取它出现的次数，否则默认为0\n",
    "    count = pair_count.get(combination, 0)\n",
    "    # 把次数添加到向量中（作为一个元素）\n",
    "    pair_vectors.append(count)"
   ]
  },
  {
   "cell_type": "code",
   "execution_count": 7,
   "metadata": {},
   "outputs": [
    {
     "data": {
      "text/plain": [
       "676"
      ]
     },
     "execution_count": 7,
     "metadata": {},
     "output_type": "execute_result"
    }
   ],
   "source": [
    "len(pair_vectors)"
   ]
  },
  {
   "cell_type": "code",
   "execution_count": 8,
   "metadata": {},
   "outputs": [
    {
     "name": "stdout",
     "output_type": "stream",
     "text": [
      "pair_vectors:\n",
      " [[  463 14013 19190 10757  6575  2441  9259  2132  7452   411]\n",
      " [ 9945  1907   434   479 10451   159    96   237  9578   275]\n",
      " [24803    58  2719   129 15772    56    54 22188 12195     4]\n",
      " [10191   449   277  2113 24078   404  1184   595 20452   322]\n",
      " [16171  3474 13839 32075  8302  4032  4621  1710  5268   438]\n",
      " [ 4058    58    73    63  5661  3453    35    54  7519    13]\n",
      " [ 8798   256    74   176 13072   145  2309  3266  9080    17]\n",
      " [16501   373   154   181 20824   294    95   132 16152    26]\n",
      " [22491  5033 37513 15228 15426  6499  7657   501   630   190]\n",
      " [ 1842     5    21    18  1344     5     5    12   498     9]]\n"
     ]
    }
   ],
   "source": [
    "# 打印pair_vectors，我们可以看到它是一个一维向量，共有676个元素\n",
    "print(\"pair_vectors:\\n\", np.array(pair_vectors).reshape(26, 26)[:10, :10])"
   ]
  },
  {
   "cell_type": "markdown",
   "metadata": {},
   "source": [
    "> 这里就得到了一个pairs的map"
   ]
  },
  {
   "cell_type": "code",
   "execution_count": 9,
   "metadata": {},
   "outputs": [],
   "source": [
    "# 创建一个空列表来存储每个单独字母出现的次数向量（共有26个向量，每个向量有676个元素）\n",
    "letter_vectors = []\n",
    "alphabet = \"abcdefghijklmnopqrstuvwxyz\"\n",
    "# 遍历所有可能的单独字母（从a到z）\n",
    "for letter in alphabet:\n",
    "    # 创建一个空列表来存储当前单独字母出现的次数向量（共有676个元素）\n",
    "    vector = []\n",
    "    # 遍历所有可能的相邻字母组合（从aa到zz）\n",
    "    for combination in letter_combinations:\n",
    "        # 如果当前单独字母是相邻组合中的第一个或第二个，就获取它出现的次数，否则默认为0 \n",
    "        if letter in combination:\n",
    "            count = pair_count.get(combination, 0)\n",
    "        else:\n",
    "            count = 0 \n",
    "        # 把次数添加到向量中（作为一个元素）    \n",
    "        vector.append(count)\n",
    "    \n",
    "    # 把当前单独字符出现的次数向量添加到列表中   \n",
    "    letter_vectors.append(vector)"
   ]
  },
  {
   "cell_type": "code",
   "execution_count": 10,
   "metadata": {},
   "outputs": [
    {
     "data": {
      "text/plain": [
       "[463,\n",
       " 14013,\n",
       " 19190,\n",
       " 10757,\n",
       " 6575,\n",
       " 2441,\n",
       " 9259,\n",
       " 2132,\n",
       " 7452,\n",
       " 411,\n",
       " 3575,\n",
       " 43636,\n",
       " 12953,\n",
       " 45592,\n",
       " 515,\n",
       " 11119,\n",
       " 393,\n",
       " 35888,\n",
       " 18572,\n",
       " 43972,\n",
       " 6462,\n",
       " 4044,\n",
       " 2267,\n",
       " 1395,\n",
       " 3285,\n",
       " 1732,\n",
       " 9945,\n",
       " 0,\n",
       " 0,\n",
       " 0,\n",
       " 0,\n",
       " 0,\n",
       " 0,\n",
       " 0,\n",
       " 0,\n",
       " 0,\n",
       " 0,\n",
       " 0,\n",
       " 0,\n",
       " 0,\n",
       " 0,\n",
       " 0,\n",
       " 0,\n",
       " 0,\n",
       " 0,\n",
       " 0,\n",
       " 0,\n",
       " 0,\n",
       " 0,\n",
       " 0,\n",
       " 0,\n",
       " 0,\n",
       " 24803,\n",
       " 0,\n",
       " 0,\n",
       " 0,\n",
       " 0,\n",
       " 0,\n",
       " 0,\n",
       " 0,\n",
       " 0,\n",
       " 0,\n",
       " 0,\n",
       " 0,\n",
       " 0,\n",
       " 0,\n",
       " 0,\n",
       " 0,\n",
       " 0,\n",
       " 0,\n",
       " 0,\n",
       " 0,\n",
       " 0,\n",
       " 0,\n",
       " 0,\n",
       " 0,\n",
       " 0,\n",
       " 0,\n",
       " 10191,\n",
       " 0,\n",
       " 0,\n",
       " 0,\n",
       " 0,\n",
       " 0,\n",
       " 0,\n",
       " 0,\n",
       " 0,\n",
       " 0,\n",
       " 0,\n",
       " 0,\n",
       " 0,\n",
       " 0,\n",
       " 0,\n",
       " 0,\n",
       " 0,\n",
       " 0,\n",
       " 0,\n",
       " 0,\n",
       " 0,\n",
       " 0,\n",
       " 0,\n",
       " 0,\n",
       " 0,\n",
       " 0,\n",
       " 16171,\n",
       " 0,\n",
       " 0,\n",
       " 0,\n",
       " 0,\n",
       " 0,\n",
       " 0,\n",
       " 0,\n",
       " 0,\n",
       " 0,\n",
       " 0,\n",
       " 0,\n",
       " 0,\n",
       " 0,\n",
       " 0,\n",
       " 0,\n",
       " 0,\n",
       " 0,\n",
       " 0,\n",
       " 0,\n",
       " 0,\n",
       " 0,\n",
       " 0,\n",
       " 0,\n",
       " 0,\n",
       " 0,\n",
       " 4058,\n",
       " 0,\n",
       " 0,\n",
       " 0,\n",
       " 0,\n",
       " 0,\n",
       " 0,\n",
       " 0,\n",
       " 0,\n",
       " 0,\n",
       " 0,\n",
       " 0,\n",
       " 0,\n",
       " 0,\n",
       " 0,\n",
       " 0,\n",
       " 0,\n",
       " 0,\n",
       " 0,\n",
       " 0,\n",
       " 0,\n",
       " 0,\n",
       " 0,\n",
       " 0,\n",
       " 0,\n",
       " 0,\n",
       " 8798,\n",
       " 0,\n",
       " 0,\n",
       " 0,\n",
       " 0,\n",
       " 0,\n",
       " 0,\n",
       " 0,\n",
       " 0,\n",
       " 0,\n",
       " 0,\n",
       " 0,\n",
       " 0,\n",
       " 0,\n",
       " 0,\n",
       " 0,\n",
       " 0,\n",
       " 0,\n",
       " 0,\n",
       " 0,\n",
       " 0,\n",
       " 0,\n",
       " 0,\n",
       " 0,\n",
       " 0,\n",
       " 0,\n",
       " 16501,\n",
       " 0,\n",
       " 0,\n",
       " 0,\n",
       " 0,\n",
       " 0,\n",
       " 0,\n",
       " 0,\n",
       " 0,\n",
       " 0,\n",
       " 0,\n",
       " 0,\n",
       " 0,\n",
       " 0,\n",
       " 0,\n",
       " 0,\n",
       " 0,\n",
       " 0,\n",
       " 0,\n",
       " 0,\n",
       " 0,\n",
       " 0,\n",
       " 0,\n",
       " 0,\n",
       " 0,\n",
       " 0,\n",
       " 22491,\n",
       " 0,\n",
       " 0,\n",
       " 0,\n",
       " 0,\n",
       " 0,\n",
       " 0,\n",
       " 0,\n",
       " 0,\n",
       " 0,\n",
       " 0,\n",
       " 0,\n",
       " 0,\n",
       " 0,\n",
       " 0,\n",
       " 0,\n",
       " 0,\n",
       " 0,\n",
       " 0,\n",
       " 0,\n",
       " 0,\n",
       " 0,\n",
       " 0,\n",
       " 0,\n",
       " 0,\n",
       " 0,\n",
       " 1842,\n",
       " 0,\n",
       " 0,\n",
       " 0,\n",
       " 0,\n",
       " 0,\n",
       " 0,\n",
       " 0,\n",
       " 0,\n",
       " 0,\n",
       " 0,\n",
       " 0,\n",
       " 0,\n",
       " 0,\n",
       " 0,\n",
       " 0,\n",
       " 0,\n",
       " 0,\n",
       " 0,\n",
       " 0,\n",
       " 0,\n",
       " 0,\n",
       " 0,\n",
       " 0,\n",
       " 0,\n",
       " 0,\n",
       " 3335,\n",
       " 0,\n",
       " 0,\n",
       " 0,\n",
       " 0,\n",
       " 0,\n",
       " 0,\n",
       " 0,\n",
       " 0,\n",
       " 0,\n",
       " 0,\n",
       " 0,\n",
       " 0,\n",
       " 0,\n",
       " 0,\n",
       " 0,\n",
       " 0,\n",
       " 0,\n",
       " 0,\n",
       " 0,\n",
       " 0,\n",
       " 0,\n",
       " 0,\n",
       " 0,\n",
       " 0,\n",
       " 0,\n",
       " 27952,\n",
       " 0,\n",
       " 0,\n",
       " 0,\n",
       " 0,\n",
       " 0,\n",
       " 0,\n",
       " 0,\n",
       " 0,\n",
       " 0,\n",
       " 0,\n",
       " 0,\n",
       " 0,\n",
       " 0,\n",
       " 0,\n",
       " 0,\n",
       " 0,\n",
       " 0,\n",
       " 0,\n",
       " 0,\n",
       " 0,\n",
       " 0,\n",
       " 0,\n",
       " 0,\n",
       " 0,\n",
       " 0,\n",
       " 22607,\n",
       " 0,\n",
       " 0,\n",
       " 0,\n",
       " 0,\n",
       " 0,\n",
       " 0,\n",
       " 0,\n",
       " 0,\n",
       " 0,\n",
       " 0,\n",
       " 0,\n",
       " 0,\n",
       " 0,\n",
       " 0,\n",
       " 0,\n",
       " 0,\n",
       " 0,\n",
       " 0,\n",
       " 0,\n",
       " 0,\n",
       " 0,\n",
       " 0,\n",
       " 0,\n",
       " 0,\n",
       " 0,\n",
       " 20948,\n",
       " 0,\n",
       " 0,\n",
       " 0,\n",
       " 0,\n",
       " 0,\n",
       " 0,\n",
       " 0,\n",
       " 0,\n",
       " 0,\n",
       " 0,\n",
       " 0,\n",
       " 0,\n",
       " 0,\n",
       " 0,\n",
       " 0,\n",
       " 0,\n",
       " 0,\n",
       " 0,\n",
       " 0,\n",
       " 0,\n",
       " 0,\n",
       " 0,\n",
       " 0,\n",
       " 0,\n",
       " 0,\n",
       " 3932,\n",
       " 0,\n",
       " 0,\n",
       " 0,\n",
       " 0,\n",
       " 0,\n",
       " 0,\n",
       " 0,\n",
       " 0,\n",
       " 0,\n",
       " 0,\n",
       " 0,\n",
       " 0,\n",
       " 0,\n",
       " 0,\n",
       " 0,\n",
       " 0,\n",
       " 0,\n",
       " 0,\n",
       " 0,\n",
       " 0,\n",
       " 0,\n",
       " 0,\n",
       " 0,\n",
       " 0,\n",
       " 0,\n",
       " 13464,\n",
       " 0,\n",
       " 0,\n",
       " 0,\n",
       " 0,\n",
       " 0,\n",
       " 0,\n",
       " 0,\n",
       " 0,\n",
       " 0,\n",
       " 0,\n",
       " 0,\n",
       " 0,\n",
       " 0,\n",
       " 0,\n",
       " 0,\n",
       " 0,\n",
       " 0,\n",
       " 0,\n",
       " 0,\n",
       " 0,\n",
       " 0,\n",
       " 0,\n",
       " 0,\n",
       " 0,\n",
       " 0,\n",
       " 39,\n",
       " 0,\n",
       " 0,\n",
       " 0,\n",
       " 0,\n",
       " 0,\n",
       " 0,\n",
       " 0,\n",
       " 0,\n",
       " 0,\n",
       " 0,\n",
       " 0,\n",
       " 0,\n",
       " 0,\n",
       " 0,\n",
       " 0,\n",
       " 0,\n",
       " 0,\n",
       " 0,\n",
       " 0,\n",
       " 0,\n",
       " 0,\n",
       " 0,\n",
       " 0,\n",
       " 0,\n",
       " 0,\n",
       " 38038,\n",
       " 0,\n",
       " 0,\n",
       " 0,\n",
       " 0,\n",
       " 0,\n",
       " 0,\n",
       " 0,\n",
       " 0,\n",
       " 0,\n",
       " 0,\n",
       " 0,\n",
       " 0,\n",
       " 0,\n",
       " 0,\n",
       " 0,\n",
       " 0,\n",
       " 0,\n",
       " 0,\n",
       " 0,\n",
       " 0,\n",
       " 0,\n",
       " 0,\n",
       " 0,\n",
       " 0,\n",
       " 0,\n",
       " 10612,\n",
       " 0,\n",
       " 0,\n",
       " 0,\n",
       " 0,\n",
       " 0,\n",
       " 0,\n",
       " 0,\n",
       " 0,\n",
       " 0,\n",
       " 0,\n",
       " 0,\n",
       " 0,\n",
       " 0,\n",
       " 0,\n",
       " 0,\n",
       " 0,\n",
       " 0,\n",
       " 0,\n",
       " 0,\n",
       " 0,\n",
       " 0,\n",
       " 0,\n",
       " 0,\n",
       " 0,\n",
       " 0,\n",
       " 23059,\n",
       " 0,\n",
       " 0,\n",
       " 0,\n",
       " 0,\n",
       " 0,\n",
       " 0,\n",
       " 0,\n",
       " 0,\n",
       " 0,\n",
       " 0,\n",
       " 0,\n",
       " 0,\n",
       " 0,\n",
       " 0,\n",
       " 0,\n",
       " 0,\n",
       " 0,\n",
       " 0,\n",
       " 0,\n",
       " 0,\n",
       " 0,\n",
       " 0,\n",
       " 0,\n",
       " 0,\n",
       " 0,\n",
       " 4444,\n",
       " 0,\n",
       " 0,\n",
       " 0,\n",
       " 0,\n",
       " 0,\n",
       " 0,\n",
       " 0,\n",
       " 0,\n",
       " 0,\n",
       " 0,\n",
       " 0,\n",
       " 0,\n",
       " 0,\n",
       " 0,\n",
       " 0,\n",
       " 0,\n",
       " 0,\n",
       " 0,\n",
       " 0,\n",
       " 0,\n",
       " 0,\n",
       " 0,\n",
       " 0,\n",
       " 0,\n",
       " 0,\n",
       " 5778,\n",
       " 0,\n",
       " 0,\n",
       " 0,\n",
       " 0,\n",
       " 0,\n",
       " 0,\n",
       " 0,\n",
       " 0,\n",
       " 0,\n",
       " 0,\n",
       " 0,\n",
       " 0,\n",
       " 0,\n",
       " 0,\n",
       " 0,\n",
       " 0,\n",
       " 0,\n",
       " 0,\n",
       " 0,\n",
       " 0,\n",
       " 0,\n",
       " 0,\n",
       " 0,\n",
       " 0,\n",
       " 0,\n",
       " 5745,\n",
       " 0,\n",
       " 0,\n",
       " 0,\n",
       " 0,\n",
       " 0,\n",
       " 0,\n",
       " 0,\n",
       " 0,\n",
       " 0,\n",
       " 0,\n",
       " 0,\n",
       " 0,\n",
       " 0,\n",
       " 0,\n",
       " 0,\n",
       " 0,\n",
       " 0,\n",
       " 0,\n",
       " 0,\n",
       " 0,\n",
       " 0,\n",
       " 0,\n",
       " 0,\n",
       " 0,\n",
       " 0,\n",
       " 1120,\n",
       " 0,\n",
       " 0,\n",
       " 0,\n",
       " 0,\n",
       " 0,\n",
       " 0,\n",
       " 0,\n",
       " 0,\n",
       " 0,\n",
       " 0,\n",
       " 0,\n",
       " 0,\n",
       " 0,\n",
       " 0,\n",
       " 0,\n",
       " 0,\n",
       " 0,\n",
       " 0,\n",
       " 0,\n",
       " 0,\n",
       " 0,\n",
       " 0,\n",
       " 0,\n",
       " 0,\n",
       " 0,\n",
       " 2516,\n",
       " 0,\n",
       " 0,\n",
       " 0,\n",
       " 0,\n",
       " 0,\n",
       " 0,\n",
       " 0,\n",
       " 0,\n",
       " 0,\n",
       " 0,\n",
       " 0,\n",
       " 0,\n",
       " 0,\n",
       " 0,\n",
       " 0,\n",
       " 0,\n",
       " 0,\n",
       " 0,\n",
       " 0,\n",
       " 0,\n",
       " 0,\n",
       " 0,\n",
       " 0,\n",
       " 0,\n",
       " 0,\n",
       " 2810,\n",
       " 0,\n",
       " 0,\n",
       " 0,\n",
       " 0,\n",
       " 0,\n",
       " 0,\n",
       " 0,\n",
       " 0,\n",
       " 0,\n",
       " 0,\n",
       " 0,\n",
       " 0,\n",
       " 0,\n",
       " 0,\n",
       " 0,\n",
       " 0,\n",
       " 0,\n",
       " 0,\n",
       " 0,\n",
       " 0,\n",
       " 0,\n",
       " 0,\n",
       " 0,\n",
       " 0,\n",
       " 0]"
      ]
     },
     "execution_count": 10,
     "metadata": {},
     "output_type": "execute_result"
    }
   ],
   "source": [
    "letter_vectors[0]"
   ]
  },
  {
   "cell_type": "code",
   "execution_count": 11,
   "metadata": {},
   "outputs": [
    {
     "data": {
      "text/plain": [
       "array([[1.        , 0.05158347],\n",
       "       [0.05158347, 1.        ]])"
      ]
     },
     "execution_count": 11,
     "metadata": {},
     "output_type": "execute_result"
    }
   ],
   "source": [
    "np.corrcoef(letter_vectors[0], letter_vectors[1])"
   ]
  },
  {
   "cell_type": "code",
   "execution_count": 12,
   "metadata": {},
   "outputs": [],
   "source": [
    "# 创建一个空列表来存储相关系数矩阵（共有26*26=676个元素，每个元素是两个字符之间的相关系数）\n",
    "correlation_matrix = []\n",
    "# 遍历所有可能的第一个单独字母（从a到z）\n",
    "for i in range(26):\n",
    "    # 获取当前单独字母出现的次数向量\n",
    "    letter_vector_1 = letter_vectors[i]\n",
    "    # 遍历所有可能的第二个单独字母（从a到z）\n",
    "    for j in range(26):\n",
    "        # 获取当前单独字母出现的次数向量\n",
    "        letter_vector_2 = letter_vectors[j]\n",
    "        # 用numpy库中的corrcoef()函数来计算两个向量之间的相关系数\n",
    "        correlation = np.corrcoef(letter_vector_1, letter_vector_2)[0][1]\n",
    "        # 把相关系数添加到矩阵中（作为一个元素）\n",
    "        correlation_matrix.append(correlation)"
   ]
  },
  {
   "cell_type": "code",
   "execution_count": 13,
   "metadata": {},
   "outputs": [
    {
     "name": "stdout",
     "output_type": "stream",
     "text": [
      "correlation_matrix:\n",
      " [[ 1.     0.052  0.088  0.007 -0.02  -0.019  0.007  0.018 -0.002 -0.014\n",
      "  -0.014  0.211  0.084  0.133 -0.037  0.023 -0.012  0.157  0.009  0.154\n",
      "  -0.026 -0.004 -0.001 -0.019 -0.025 -0.012]\n",
      " [ 0.052  1.    -0.023 -0.02  -0.002 -0.023 -0.02  -0.021  0.    -0.017\n",
      "  -0.021  0.035 -0.008 -0.022 -0.001 -0.025 -0.01  -0.007 -0.023 -0.023\n",
      "   0.01  -0.016 -0.022 -0.017 -0.022 -0.015]\n",
      " [ 0.088 -0.023  1.    -0.02   0.013 -0.024 -0.02   0.117  0.138 -0.018\n",
      "   0.032 -0.019 -0.022 -0.     0.082 -0.025 -0.01  -0.01  -0.008 -0.009\n",
      "  -0.004 -0.016 -0.022 -0.017 -0.013 -0.015]\n",
      " [ 0.007 -0.02  -0.02   1.     0.171 -0.021 -0.017 -0.018  0.063 -0.015\n",
      "  -0.019 -0.017 -0.02   0.019  0.002 -0.022 -0.009 -0.01  -0.02  -0.021\n",
      "  -0.014 -0.014 -0.019 -0.015 -0.016 -0.013]\n",
      " [-0.02  -0.002  0.013  0.171  1.    -0.01   0.006  0.031 -0.023 -0.018\n",
      "   0.009  0.119  0.052  0.13  -0.034  0.03  -0.011  0.359  0.191  0.124\n",
      "  -0.03   0.079 -0.013  0.008 -0.027  0.007]\n",
      " [-0.019 -0.023 -0.024 -0.021 -0.01   1.    -0.02  -0.021  0.015 -0.018\n",
      "  -0.022 -0.012 -0.023 -0.017 -0.006 -0.025 -0.01  -0.017 -0.025 -0.022\n",
      "  -0.009 -0.016 -0.022 -0.018 -0.022 -0.015]\n",
      " [ 0.007 -0.02  -0.02  -0.017  0.006 -0.02   1.    -0.013  0.    -0.015\n",
      "  -0.019 -0.011 -0.019  0.161  0.009 -0.022 -0.009 -0.005 -0.02  -0.02\n",
      "  -0.013 -0.014 -0.019 -0.015 -0.016 -0.013]\n",
      " [ 0.018 -0.021  0.117 -0.018  0.031 -0.021 -0.013  1.     0.012 -0.016\n",
      "  -0.019 -0.021 -0.02  -0.02   0.023  0.105 -0.009 -0.017  0.01   0.037\n",
      "  -0.021 -0.015 -0.015 -0.016  0.028 -0.013]\n",
      " [-0.002  0.     0.138  0.063 -0.023  0.015  0.     0.012  1.    -0.021\n",
      "  -0.008  0.102  0.04   0.253  0.005 -0.003 -0.012  0.066  0.118  0.197\n",
      "  -0.031  0.026 -0.016 -0.015 -0.028  0.033]\n",
      " [-0.014 -0.017 -0.018 -0.015 -0.018 -0.018 -0.015 -0.016 -0.021  1.\n",
      "  -0.016 -0.018 -0.017 -0.017 -0.017 -0.019 -0.008 -0.018 -0.019 -0.018\n",
      "  -0.007 -0.012 -0.017 -0.013 -0.018 -0.011]\n",
      " [-0.014 -0.021  0.032 -0.019  0.009 -0.022 -0.019 -0.019 -0.008 -0.016\n",
      "   1.    -0.02  -0.021 -0.017 -0.023 -0.023 -0.009 -0.019 -0.016 -0.021\n",
      "  -0.024 -0.015 -0.019 -0.016 -0.02  -0.014]\n",
      " [ 0.211  0.035 -0.019 -0.017  0.119 -0.012 -0.011 -0.021  0.102 -0.018\n",
      "  -0.02   1.    -0.023 -0.023  0.055 -0.011 -0.01  -0.023 -0.022 -0.021\n",
      "   0.025 -0.016 -0.022 -0.018  0.15  -0.015]\n",
      " [ 0.084 -0.008 -0.022 -0.02   0.052 -0.023 -0.019 -0.02   0.04  -0.017\n",
      "  -0.021 -0.023  1.    -0.021  0.07  -0.001 -0.01  -0.014 -0.01  -0.022\n",
      "   0.012 -0.016 -0.021 -0.017 -0.012 -0.014]\n",
      " [ 0.133 -0.022 -0.     0.019  0.13  -0.017  0.161 -0.02   0.253 -0.017\n",
      "  -0.017 -0.023 -0.021  1.     0.205 -0.023 -0.009 -0.021 -0.003  0.044\n",
      "   0.09  -0.014 -0.02  -0.017 -0.02  -0.014]\n",
      " [-0.037 -0.001  0.082  0.002 -0.034 -0.006  0.009  0.023  0.005 -0.017\n",
      "  -0.023  0.055  0.07   0.205  1.     0.056 -0.012  0.139  0.007  0.035\n",
      "   0.04   0.001  0.006 -0.015 -0.028 -0.015]\n",
      " [ 0.023 -0.025 -0.025 -0.022  0.03  -0.025 -0.022  0.105 -0.003 -0.019\n",
      "  -0.023 -0.011 -0.001 -0.023  0.056  1.    -0.011  0.019 -0.004 -0.021\n",
      "  -0.012 -0.017 -0.024 -0.016 -0.011 -0.016]\n",
      " [-0.012 -0.01  -0.01  -0.009 -0.011 -0.01  -0.009 -0.009 -0.012 -0.008\n",
      "  -0.009 -0.01  -0.01  -0.009 -0.012 -0.011  1.    -0.01  -0.009 -0.01\n",
      "   0.096 -0.007 -0.009 -0.007 -0.01  -0.006]\n",
      " [ 0.157 -0.007 -0.01  -0.01   0.359 -0.017 -0.005 -0.017  0.066 -0.018\n",
      "  -0.019 -0.023 -0.014 -0.021  0.139  0.019 -0.01   1.    -0.011  0.016\n",
      "   0.016 -0.015 -0.021 -0.018 -0.003 -0.015]\n",
      " [ 0.009 -0.023 -0.008 -0.02   0.191 -0.025 -0.02   0.01   0.118 -0.019\n",
      "  -0.016 -0.022 -0.01  -0.003  0.007 -0.004 -0.009 -0.011  1.     0.104\n",
      "   0.084 -0.017 -0.021 -0.019 -0.015 -0.016]\n",
      " [ 0.154 -0.023 -0.009 -0.021  0.124 -0.022 -0.02   0.037  0.197 -0.018\n",
      "  -0.021 -0.021 -0.022  0.044  0.035 -0.021 -0.01   0.016  0.104  1.\n",
      "  -0.002 -0.016 -0.021 -0.016 -0.003 -0.015]\n",
      " [-0.026  0.01  -0.004 -0.014 -0.03  -0.009 -0.013 -0.021 -0.031 -0.007\n",
      "  -0.024  0.025  0.012  0.09   0.04  -0.012  0.096  0.016  0.084 -0.002\n",
      "   1.    -0.019 -0.026 -0.02  -0.028 -0.017]\n",
      " [-0.004 -0.016 -0.016 -0.014  0.079 -0.016 -0.014 -0.015  0.026 -0.012\n",
      "  -0.015 -0.016 -0.016 -0.014  0.001 -0.017 -0.007 -0.015 -0.017 -0.016\n",
      "  -0.019  1.    -0.015 -0.012 -0.016 -0.01 ]\n",
      " [-0.001 -0.022 -0.022 -0.019 -0.013 -0.022 -0.019 -0.015 -0.016 -0.017\n",
      "  -0.019 -0.022 -0.021 -0.02   0.006 -0.024 -0.009 -0.021 -0.021 -0.021\n",
      "  -0.026 -0.015  1.    -0.017 -0.022 -0.014]\n",
      " [-0.019 -0.017 -0.017 -0.015  0.008 -0.018 -0.015 -0.016 -0.015 -0.013\n",
      "  -0.016 -0.018 -0.017 -0.017 -0.015 -0.016 -0.007 -0.018 -0.019 -0.016\n",
      "  -0.02  -0.012 -0.017  1.    -0.014 -0.011]\n",
      " [-0.025 -0.022 -0.013 -0.016 -0.027 -0.022 -0.016  0.028 -0.028 -0.018\n",
      "  -0.02   0.15  -0.012 -0.02  -0.028 -0.011 -0.01  -0.003 -0.015 -0.003\n",
      "  -0.028 -0.016 -0.022 -0.014  1.    -0.014]\n",
      " [-0.012 -0.015 -0.015 -0.013  0.007 -0.015 -0.013 -0.013  0.033 -0.011\n",
      "  -0.014 -0.015 -0.014 -0.014 -0.015 -0.016 -0.006 -0.015 -0.016 -0.015\n",
      "  -0.017 -0.01  -0.014 -0.011 -0.014  1.   ]]\n"
     ]
    }
   ],
   "source": [
    "# 打印相关系数矩阵 保留两位小数\n",
    "print(\"correlation_matrix:\\n\", np.array(correlation_matrix).reshape(26, 26).round(3))"
   ]
  },
  {
   "cell_type": "code",
   "execution_count": 14,
   "metadata": {},
   "outputs": [],
   "source": [
    "corr_matrix = np.array(correlation_matrix).reshape(26, 26)"
   ]
  },
  {
   "cell_type": "code",
   "execution_count": 15,
   "metadata": {},
   "outputs": [],
   "source": [
    "def alpha2idx(alpha):\n",
    "    return ord(alpha) - ord('a')"
   ]
  },
  {
   "cell_type": "code",
   "execution_count": 16,
   "metadata": {},
   "outputs": [
    {
     "data": {
      "text/plain": [
       "25"
      ]
     },
     "execution_count": 16,
     "metadata": {},
     "output_type": "execute_result"
    }
   ],
   "source": [
    "alpha2idx('z')"
   ]
  },
  {
   "cell_type": "markdown",
   "metadata": {},
   "source": [
    "## 定义了一种计算一个单词的正常性的方法"
   ]
  },
  {
   "cell_type": "code",
   "execution_count": 37,
   "metadata": {},
   "outputs": [
    {
     "data": {
      "text/plain": [
       "(26, 26)"
      ]
     },
     "execution_count": 37,
     "metadata": {},
     "output_type": "execute_result"
    }
   ],
   "source": [
    "corr_matrix.shape"
   ]
  },
  {
   "cell_type": "code",
   "execution_count": 39,
   "metadata": {},
   "outputs": [
    {
     "ename": "IndexError",
     "evalue": "index 26 is out of bounds for axis 1 with size 26",
     "output_type": "error",
     "traceback": [
      "\u001b[1;31m---------------------------------------------------------------------------\u001b[0m",
      "\u001b[1;31mIndexError\u001b[0m                                Traceback (most recent call last)",
      "\u001b[1;32m~\\AppData\\Local\\Temp/ipykernel_22088/2018598251.py\u001b[0m in \u001b[0;36m<module>\u001b[1;34m\u001b[0m\n\u001b[1;32m----> 1\u001b[1;33m \u001b[0mcorr_matrix\u001b[0m\u001b[1;33m[\u001b[0m\u001b[1;36m1\u001b[0m\u001b[1;33m,\u001b[0m\u001b[1;36m26\u001b[0m\u001b[1;33m]\u001b[0m\u001b[1;33m\u001b[0m\u001b[1;33m\u001b[0m\u001b[0m\n\u001b[0m",
      "\u001b[1;31mIndexError\u001b[0m: index 26 is out of bounds for axis 1 with size 26"
     ]
    }
   ],
   "source": [
    "corr_matrix[1,26]"
   ]
  },
  {
   "cell_type": "code",
   "execution_count": 17,
   "metadata": {},
   "outputs": [
    {
     "name": "stdout",
     "output_type": "stream",
     "text": [
      "ooooo normal value is 3.9999999999999996\n"
     ]
    }
   ],
   "source": [
    "def get_normal_value(test_word):\n",
    "    normal_value = 0\n",
    "    # 用相关系数矩阵去衡量test_word的怪异程度\n",
    "    # 衡量方法为，从第一个字母开始，计算每个字母与其后续字母的相关系数，加在normal_value上，以此衡量该值\n",
    "    for i in range(len(test_word)-1):\n",
    "        normal_value += corr_matrix[alpha2idx(test_word[i]),alpha2idx(test_word[i+1])]\n",
    "    return normal_value\n",
    "test_word = \"ooooo\"\n",
    "print(test_word + \" normal value is \" + str(get_normal_value(test_word)))"
   ]
  },
  {
   "cell_type": "markdown",
   "metadata": {},
   "source": [
    "## 对原数据进行处理"
   ]
  },
  {
   "cell_type": "code",
   "execution_count": 18,
   "metadata": {},
   "outputs": [],
   "source": [
    "import pandas as pd\n",
    "# 读入Problem_C_Data_Wordle.xlsx文件\n",
    "df = pd.read_excel(\"Problem_C_Data_Wordle.xlsx\")"
   ]
  },
  {
   "cell_type": "code",
   "execution_count": 19,
   "metadata": {},
   "outputs": [
    {
     "data": {
      "text/html": [
       "<div>\n",
       "<style scoped>\n",
       "    .dataframe tbody tr th:only-of-type {\n",
       "        vertical-align: middle;\n",
       "    }\n",
       "\n",
       "    .dataframe tbody tr th {\n",
       "        vertical-align: top;\n",
       "    }\n",
       "\n",
       "    .dataframe thead th {\n",
       "        text-align: right;\n",
       "    }\n",
       "</style>\n",
       "<table border=\"1\" class=\"dataframe\">\n",
       "  <thead>\n",
       "    <tr style=\"text-align: right;\">\n",
       "      <th></th>\n",
       "      <th>Date</th>\n",
       "      <th>Contest number</th>\n",
       "      <th>Word</th>\n",
       "      <th>Number of  reported results</th>\n",
       "      <th>Number in hard mode</th>\n",
       "      <th>1 try</th>\n",
       "      <th>2 tries</th>\n",
       "      <th>3 tries</th>\n",
       "      <th>4 tries</th>\n",
       "      <th>5 tries</th>\n",
       "      <th>6 tries</th>\n",
       "      <th>7 or more tries (X)</th>\n",
       "    </tr>\n",
       "  </thead>\n",
       "  <tbody>\n",
       "    <tr>\n",
       "      <th>0</th>\n",
       "      <td>2022-12-31 00:00:00</td>\n",
       "      <td>560</td>\n",
       "      <td>manly</td>\n",
       "      <td>20380</td>\n",
       "      <td>1899</td>\n",
       "      <td>0</td>\n",
       "      <td>2</td>\n",
       "      <td>17</td>\n",
       "      <td>37</td>\n",
       "      <td>29</td>\n",
       "      <td>12</td>\n",
       "      <td>2</td>\n",
       "    </tr>\n",
       "    <tr>\n",
       "      <th>1</th>\n",
       "      <td>2022-12-30 00:00:00</td>\n",
       "      <td>559</td>\n",
       "      <td>molar</td>\n",
       "      <td>21204</td>\n",
       "      <td>1973</td>\n",
       "      <td>0</td>\n",
       "      <td>4</td>\n",
       "      <td>21</td>\n",
       "      <td>38</td>\n",
       "      <td>26</td>\n",
       "      <td>9</td>\n",
       "      <td>1</td>\n",
       "    </tr>\n",
       "    <tr>\n",
       "      <th>2</th>\n",
       "      <td>2022-12-29 00:00:00</td>\n",
       "      <td>558</td>\n",
       "      <td>havoc</td>\n",
       "      <td>20001</td>\n",
       "      <td>1919</td>\n",
       "      <td>0</td>\n",
       "      <td>2</td>\n",
       "      <td>16</td>\n",
       "      <td>38</td>\n",
       "      <td>30</td>\n",
       "      <td>12</td>\n",
       "      <td>2</td>\n",
       "    </tr>\n",
       "    <tr>\n",
       "      <th>3</th>\n",
       "      <td>2022-12-28 00:00:00</td>\n",
       "      <td>557</td>\n",
       "      <td>impel</td>\n",
       "      <td>20160</td>\n",
       "      <td>1937</td>\n",
       "      <td>0</td>\n",
       "      <td>3</td>\n",
       "      <td>21</td>\n",
       "      <td>40</td>\n",
       "      <td>25</td>\n",
       "      <td>9</td>\n",
       "      <td>1</td>\n",
       "    </tr>\n",
       "    <tr>\n",
       "      <th>4</th>\n",
       "      <td>2022-12-27 00:00:00</td>\n",
       "      <td>556</td>\n",
       "      <td>condo</td>\n",
       "      <td>20879</td>\n",
       "      <td>2012</td>\n",
       "      <td>0</td>\n",
       "      <td>2</td>\n",
       "      <td>17</td>\n",
       "      <td>35</td>\n",
       "      <td>29</td>\n",
       "      <td>14</td>\n",
       "      <td>3</td>\n",
       "    </tr>\n",
       "  </tbody>\n",
       "</table>\n",
       "</div>"
      ],
      "text/plain": [
       "0                 Date Contest number   Word Number of  reported results  \\\n",
       "0  2022-12-31 00:00:00            560  manly                       20380   \n",
       "1  2022-12-30 00:00:00            559  molar                       21204   \n",
       "2  2022-12-29 00:00:00            558  havoc                       20001   \n",
       "3  2022-12-28 00:00:00            557  impel                       20160   \n",
       "4  2022-12-27 00:00:00            556  condo                       20879   \n",
       "\n",
       "0 Number in hard mode 1 try 2 tries 3 tries 4 tries 5 tries 6 tries  \\\n",
       "0                1899     0       2      17      37      29      12   \n",
       "1                1973     0       4      21      38      26       9   \n",
       "2                1919     0       2      16      38      30      12   \n",
       "3                1937     0       3      21      40      25       9   \n",
       "4                2012     0       2      17      35      29      14   \n",
       "\n",
       "0 7 or more tries (X)  \n",
       "0                   2  \n",
       "1                   1  \n",
       "2                   2  \n",
       "3                   1  \n",
       "4                   3  "
      ]
     },
     "execution_count": 19,
     "metadata": {},
     "output_type": "execute_result"
    }
   ],
   "source": [
    "# 将第一行作为列名\n",
    "df.columns = df.iloc[0]\n",
    "# 删除第一行\n",
    "df = df.drop(0)\n",
    "# 删除空列\n",
    "df = df.dropna(axis=1, how='all')\n",
    "# 重置索引\n",
    "df = df.reset_index(drop=True)\n",
    "# 1.2 查看数据\n",
    "df.head()"
   ]
  },
  {
   "cell_type": "markdown",
   "metadata": {},
   "source": [
    "#### 去除异常值"
   ]
  },
  {
   "cell_type": "code",
   "execution_count": 20,
   "metadata": {},
   "outputs": [
    {
     "name": "stdout",
     "output_type": "stream",
     "text": [
      "总共有4行字符串长度不等于5\n"
     ]
    },
    {
     "data": {
      "text/html": [
       "<div>\n",
       "<style scoped>\n",
       "    .dataframe tbody tr th:only-of-type {\n",
       "        vertical-align: middle;\n",
       "    }\n",
       "\n",
       "    .dataframe tbody tr th {\n",
       "        vertical-align: top;\n",
       "    }\n",
       "\n",
       "    .dataframe thead th {\n",
       "        text-align: right;\n",
       "    }\n",
       "</style>\n",
       "<table border=\"1\" class=\"dataframe\">\n",
       "  <thead>\n",
       "    <tr style=\"text-align: right;\">\n",
       "      <th></th>\n",
       "      <th>Date</th>\n",
       "      <th>Contest number</th>\n",
       "      <th>Word</th>\n",
       "      <th>Number of  reported results</th>\n",
       "      <th>Number in hard mode</th>\n",
       "      <th>1 try</th>\n",
       "      <th>2 tries</th>\n",
       "      <th>3 tries</th>\n",
       "      <th>4 tries</th>\n",
       "      <th>5 tries</th>\n",
       "      <th>6 tries</th>\n",
       "      <th>7 or more tries (X)</th>\n",
       "    </tr>\n",
       "  </thead>\n",
       "  <tbody>\n",
       "    <tr>\n",
       "      <th>15</th>\n",
       "      <td>2022-12-16 00:00:00</td>\n",
       "      <td>545</td>\n",
       "      <td>rprobe</td>\n",
       "      <td>22853</td>\n",
       "      <td>2160</td>\n",
       "      <td>0</td>\n",
       "      <td>6</td>\n",
       "      <td>24</td>\n",
       "      <td>32</td>\n",
       "      <td>24</td>\n",
       "      <td>11</td>\n",
       "      <td>3</td>\n",
       "    </tr>\n",
       "    <tr>\n",
       "      <th>35</th>\n",
       "      <td>2022-11-26 00:00:00</td>\n",
       "      <td>525</td>\n",
       "      <td>clen</td>\n",
       "      <td>26381</td>\n",
       "      <td>2424</td>\n",
       "      <td>1</td>\n",
       "      <td>17</td>\n",
       "      <td>36</td>\n",
       "      <td>31</td>\n",
       "      <td>12</td>\n",
       "      <td>3</td>\n",
       "      <td>0</td>\n",
       "    </tr>\n",
       "    <tr>\n",
       "      <th>246</th>\n",
       "      <td>2022-04-29 00:00:00</td>\n",
       "      <td>314</td>\n",
       "      <td>tash</td>\n",
       "      <td>106652</td>\n",
       "      <td>7001</td>\n",
       "      <td>2</td>\n",
       "      <td>19</td>\n",
       "      <td>34</td>\n",
       "      <td>27</td>\n",
       "      <td>13</td>\n",
       "      <td>4</td>\n",
       "      <td>1</td>\n",
       "    </tr>\n",
       "    <tr>\n",
       "      <th>353</th>\n",
       "      <td>2022-01-12 00:00:00</td>\n",
       "      <td>207</td>\n",
       "      <td>favor</td>\n",
       "      <td>137586</td>\n",
       "      <td>3073</td>\n",
       "      <td>1</td>\n",
       "      <td>4</td>\n",
       "      <td>15</td>\n",
       "      <td>26</td>\n",
       "      <td>29</td>\n",
       "      <td>21</td>\n",
       "      <td>4</td>\n",
       "    </tr>\n",
       "  </tbody>\n",
       "</table>\n",
       "</div>"
      ],
      "text/plain": [
       "0                   Date Contest number    Word Number of  reported results  \\\n",
       "15   2022-12-16 00:00:00            545  rprobe                       22853   \n",
       "35   2022-11-26 00:00:00            525    clen                       26381   \n",
       "246  2022-04-29 00:00:00            314    tash                      106652   \n",
       "353  2022-01-12 00:00:00            207  favor                       137586   \n",
       "\n",
       "0   Number in hard mode 1 try 2 tries 3 tries 4 tries 5 tries 6 tries  \\\n",
       "15                 2160     0       6      24      32      24      11   \n",
       "35                 2424     1      17      36      31      12       3   \n",
       "246                7001     2      19      34      27      13       4   \n",
       "353                3073     1       4      15      26      29      21   \n",
       "\n",
       "0   7 or more tries (X)  \n",
       "15                    3  \n",
       "35                    0  \n",
       "246                   1  \n",
       "353                   4  "
      ]
     },
     "execution_count": 20,
     "metadata": {},
     "output_type": "execute_result"
    }
   ],
   "source": [
    "# 找出字符串长度不等于5的行\n",
    "print(\"总共有\" + str(len(df[df['Word'].str.len() != 5])) + \"行字符串长度不等于5\")\n",
    "df[df['Word'].str.len() != 5]"
   ]
  },
  {
   "cell_type": "code",
   "execution_count": 21,
   "metadata": {},
   "outputs": [],
   "source": [
    "# 我们在网址上找到了那天的正确答案\n",
    "df.loc[15, 'Word'] = 'probe'\n",
    "df.loc[35, 'Word'] = 'clean'\n",
    "df.loc[246, 'Word'] = 'stash'\n",
    "df.loc[353, 'Word'] = 'favor'"
   ]
  },
  {
   "cell_type": "code",
   "execution_count": 22,
   "metadata": {},
   "outputs": [
    {
     "name": "stdout",
     "output_type": "stream",
     "text": [
